3
1
4
4
4
3
18
2

790 20  1.80000000000000E+0002
780 260  1.80000000000000E+0002
760 370  1.80000000000000E+0002
720 140  1.80000000000000E+0002
670 20  1.80000000000000E+0002
580 130  1.80000000000000E+0002
620 260  1.80000000000000E+0002
620 360  1.80000000000000E+0002
540 20  1.80000000000000E+0002
450 120  1.80000000000000E+0002
480 260  1.80000000000000E+0002
460 360  1.80000000000000E+0002
70 120  0.00000000000000E+0000
220 10  0.00000000000000E+0000
320 120  0.00000000000000E+0000
210 240  0.00000000000000E+0000
190 110  1.80000000000000E+0002
400 10  1.80000000000000E+0002
340 250  1.80000000000000E+0002
240 110 240 50
300 40 390 40
470 50 540 40
620 50 670 50
750 60 790 50
260 150 320 150
400 160 450 160
520 150 580 160
660 170 720 170
230 190 230 240
290 280 340 280
420 290 480 290
560 290 620 290
700 290 780 290
380 320 380 370
380 370 460 380
540 390 620 390
700 400 760 400
20 140 70 140
150 150 180 150